Codon	Alistipes_shahii_DA73_cds_from_genomic	Alistipes_shahii_DA73_core_CDS	Alistipes_shahii_DA73_other_CDS	As_AS73P1_genomic	Bacteroides_intestinalis_APC919_cds_from_genomic	Bacteroides_intestinalis_APC919_core_CDS	Bacteroides_intestinalis_APC919_other_CDS	Bacteroides_thetaiotaomicron_VPI-5482_cds_from_genomic	Bacteroides_thetaiotaomicron_VPI-5482_core_CDS	Bacteroides_thetaiotaomicron_VPI-5482_other_CDS	Bacteroides_thetaiotaomicron_jmh43_Host_clean_CDS	Bacteroides_thetaiotaomicron_jmh43_core_CDS	Bacteroides_thetaiotaomicron_jmh43_other_CDS	Bacteroides_uniformis_ATCC_cds_from_genomic	Bacteroides_uniformis_ATCC_core_CDS	Bacteroides_uniformis_ATCC_other_CDS	Bi_ΦCrAss001_genomic	Bt_SJC01_genomic	Bt_jmh43_genomic	Bu_EMB1_genomic	Ec_T4_genomic	Ec_lamda_genomic	Escherichia_coli_BL21_cds_from_genomic	Escherichia_coli_BL21_core_CDS	Escherichia_coli_BL21_other_CDS	Escherichia_coli_MG1655_cds_from_genomic	Escherichia_coli_MG1655_core_CDS	Escherichia_coli_MG1655_other_CDS	Pad_PD491P1_genomic	Parabacteroides_distasonis_DA491_cds_from_genomic	Parabacteroides_distasonis_DA491_core_CDS	Parabacteroides_distasonis_DA491_other_CDS	Pd_p00_genomic	Phocaeicola_dorei_HM719_Host_clean_CDS	Phocaeicola_dorei_HM719_core_CDS	Phocaeicola_dorei_HM719_other_CDS	Phocaeicola_vulgatus_ATCC_Host_clean_CDS	Phocaeicola_vulgatus_ATCC_core_CDS	Phocaeicola_vulgatus_ATCC_other_CDS	Pv_PV01_genomic
AAA	25130	8073	17057	725	67791	29456	38335	77216	32305	44911	71984	32569	40597	43200	21598	21602	829	417	294	207	1961	395	44874	9174	35700	45204	9508	35696	754	52919	21072	31847	295	76717	45930	31193	64324	31372	33880	534
AAC	33560	13309	20251	422	33731	14686	19045	38856	16573	22283	37864	16708	21817	33413	17612	15801	546	253	251	212	1190	297	28804	6033	22771	29053	6246	22807	425	35335	14792	20543	253	34406	19358	15467	29555	13479	16539	330
AAG	32188	14158	18030	295	46115	21053	25062	48108	21371	26737	45986	21245	25664	45077	24992	20085	916	271	298	150	967	277	13625	2617	11008	13731	2733	10998	291	51770	22733	29037	298	44190	24724	20012	37494	17610	20536	379
AAT	12737	3144	9593	367	57091	22180	34911	59628	22080	37548	54328	21808	33334	34941	15917	19024	1079	284	172	214	2159	297	23606	3464	20142	23488	3600	19888	455	44230	16247	27983	171	57491	33089	24597	48739	21079	28324	604
ACA	5304	1071	4233	288	27053	10984	16069	29981	11754	18227	27626	11494	16549	16702	7801	8901	623	179	176	148	807	227	9332	1221	8111	9278	1277	8001	282	17070	5869	11201	176	27648	15653	12095	23007	10199	13186	321
ACC	25695	9923	15772	301	25260	10998	14262	26994	11710	15284	26491	11911	15079	26894	14721	12173	366	160	238	165	714	248	30953	6289	24664	31537	6488	25049	215	26269	10886	15383	238	27267	16569	11038	24065	12008	12410	239
ACG	30936	12402	18534	520	18148	8274	9874	20818	9118	11700	20477	9172	11698	17241	9169	8072	3	209	255	183	612	232	19259	3262	15997	19325	3436	15889	352	30425	13153	17272	256	16056	8394	7925	12795	5662	7288	208
ACT	3817	872	2945	46	28616	12170	16446	29142	11537	17605	26746	11411	15654	16958	8143	8815	773	152	115	162	849	164	11953	2366	9587	11932	2434	9498	46	15129	5549	9580	114	27953	17314	10722	23517	11185	12594	260
AGA	2582	543	2039	123	10611	3362	7249	13073	4271	8802	11664	4212	7681	7330	2953	4377	887	264	180	74	975	226	2735	213	2522	2632	233	2399	212	8829	2688	6141	180	11969	5963	6071	10196	3665	6805	344
AGC	14636	5171	9465	132	16546	7211	9335	19363	8444	10919	18775	8581	10628	17469	9392	8077	377	209	267	145	812	290	21463	3648	17815	21587	3867	17720	163	19196	7984	11212	266	17202	9733	7759	14665	6925	8005	305
AGG	3142	904	2238	203	4978	1465	3513	5337	1544	3793	4847	1492	3533	4764	1882	2882	533	201	234	77	517	236	1543	121	1422	1461	136	1325	170	6778	1911	4867	234	6695	2840	3955	5610	1604	4147	242
AGT	3697	821	2876	126	22696	9214	13482	22501	8257	14244	20184	8114	12414	13494	6378	7116	654	150	157	128	886	225	11584	1545	10039	11643	1674	9969	151	14575	5372	9203	157	21266	12574	8817	17904	8073	10075	318
ATA	6278	1415	4863	317	31864	12141	19723	30479	10590	19889	27482	10490	17536	22881	11144	11737	1307	226	140	280	1739	242	5830	574	5256	5591	588	5003	335	24762	8205	16557	140	35251	19683	15723	29251	13228	16532	572
ATC	45865	21450	24415	111	39465	20120	19345	49667	25345	24322	48769	25704	23650	36312	21532	14780	535	197	222	167	1240	257	33607	7180	26427	33912	7392	26520	120	58955	29030	29925	224	37513	23116	14802	32337	17245	15527	463
ATG	28067	12119	15948	238	46787	21869	24918	50840	22790	28050	48173	22931	25940	39108	21310	17798	788	185	266	159	964	341	37306	6924	30382	37401	7124	30277	215	43673	18589	25084	266	49284	29995	19618	42194	21316	21427	419
ATT	12699	3950	8749	470	47396	21627	25769	48998	20956	28042	44765	20698	24718	31820	16754	15066	899	222	158	196	2028	304	40746	7400	33346	40914	7653	33261	522	28060	10534	17526	159	48518	30090	18565	41554	21181	20867	611
CAA	7008	1562	5446	503	29459	12329	17130	28195	10861	17334	25679	10688	15407	19804	9718	10086	696	259	184	168	1171	216	20418	3405	17013	20630	3572	17058	489	31140	12943	18197	184	30645	17828	12877	25170	11664	13750	402
CAC	13057	5956	7101	96	10693	5268	5425	11443	5545	5898	11033	5664	5529	11099	6392	4707	287	142	167	120	517	182	12947	2877	10070	13032	2997	10035	96	8190	3450	4740	167	10356	5993	4450	8735	4400	4425	258
CAG	27525	11855	15670	98	31429	14281	17148	37461	17271	20190	36752	17455	19865	27483	15157	12326	540	94	269	68	650	399	38180	7519	30661	38840	7902	30938	54	22066	9136	12930	269	30306	17861	12806	26030	12731	13663	365
CAT	6746	2069	4677	103	21827	9508	12319	22652	9671	12981	20944	9772	11417	15994	8027	7967	702	190	205	159	1272	248	16955	3023	13932	17227	3180	14047	157	21044	8714	12330	205	24129	14722	9507	21024	10073	11195	532
CCA	1247	204	1043	138	8219	3169	5050	7938	2644	5294	7007	2561	4592	4948	2011	2937	450	79	167	156	865	243	11254	2029	9225	11281	2068	9213	140	6380	2034	4346	167	7981	4256	3740	6203	2486	3812	308
CCC	19619	8629	10990	230	13968	6432	7536	13700	6052	7648	13144	6159	7178	16154	9292	6862	212	120	188	164	265	146	7252	1009	6243	7299	1089	6210	221	12569	4934	7635	188	14532	9171	5494	12990	6706	6421	173
CCG	21073	8496	12577	448	21718	10545	11173	27455	13163	14292	27032	13401	13920	18659	10385	8274	5	206	339	214	287	306	30966	6654	24312	31356	6906	24450	378	27220	12624	14596	339	19370	11910	7651	17198	8716	8665	286
CCT	4147	1133	3014	36	22083	9583	12500	21777	8835	12942	19993	8797	11421	13424	6582	6842	535	106	220	194	437	177	9349	1544	7805	9313	1604	7709	40	16113	6385	9728	221	22477	14324	8232	19521	9660	10059	276
CGA	3132	754	2378	309	5120	1989	3131	6280	2370	3910	5637	2341	3394	3211	1369	1842	7	263	204	116	530	218	4741	622	4119	4685	646	4039	359	6949	2393	4556	203	5562	2701	2888	3996	1637	2425	204
CGC	35721	17316	18405	199	18504	9481	9023	17007	8484	8523	17107	8615	8751	20263	12226	8037	1	238	218	162	346	288	29569	6202	23367	29653	6385	23268	221	12938	5271	7667	217	15362	9313	6264	13580	7139	6565	160
CGG	17823	6722	11101	437	9626	4014	5612	11743	5151	6592	11490	5099	6597	9509	4764	4745	15	257	316	172	320	330	7138	963	6175	7137	990	6147	374	15357	6054	9303	316	11126	5878	5391	9447	3995	5582	330
CGT	10554	3944	6610	323	31609	15759	15850	31967	15116	16851	30171	15127	15417	22408	12532	9876	5	216	242	271	440	236	28008	6911	21097	28337	7156	21181	261	28419	13361	15058	242	31728	20401	11589	27543	14574	13274	261
CTA	1658	278	1380	37	8805	3298	5507	8685	3013	5672	7777	3078	4829	5200	2284	2916	686	174	75	157	675	101	5206	739	4467	5203	767	4436	50	11897	4794	7103	75	9290	5312	3996	7246	3234	4101	176
CTC	28090	12418	15672	14	14191	6647	7544	16172	7584	8588	15817	7734	8332	15206	8618	6588	507	64	169	158	513	154	14772	2534	12238	14960	2634	12326	14	12221	4374	7847	169	10529	5247	5436	8454	3524	5082	308
CTG	48140	21987	26153	21	44722	22469	22253	53266	26941	26325	52670	27207	26167	44909	26869	18040	534	63	333	144	646	382	70225	14930	55295	71314	15419	55895	21	26449	10496	15953	334	40432	25605	15379	37013	19499	17960	354
CTT	9750	2949	6801	78	25868	11220	14648	27685	11563	16122	25391	11476	14366	19078	9511	9567	923	173	237	270	1143	178	14671	2353	12318	14734	2476	12258	76	20342	7798	12544	236	23681	12631	11293	19522	8383	11491	588
GAA	31864	11346	20518	384	80308	37732	42576	87945	40078	47867	84106	40334	44893	56891	31112	25779	703	495	418	131	1161	308	52730	11937	40793	53330	12270	41060	414	44737	17191	27546	418	81011	49780	31657	69651	35301	35279	453
GAC	47856	20502	27354	280	33742	15737	18005	42092	19162	22930	41383	19231	22959	40534	22414	18120	255	215	300	72	446	221	25204	5828	19376	25727	6079	19648	210	31916	13140	18776	299	36161	20197	16532	29993	14327	16139	214
GAG	40820	19124	21696	235	32580	14658	17922	34210	14577	19633	32545	14468	19024	34714	18994	15720	417	167	288	63	426	209	23341	4753	18588	23897	4882	19015	185	61140	28326	32814	287	35475	19934	16158	29498	13923	16072	198
GAT	16571	4628	11943	244	62267	26330	35937	61703	24457	37246	56902	24225	33520	36151	17159	18992	536	294	262	95	870	292	42596	8302	34294	43048	8633	34415	238	57785	23485	34300	263	60886	36448	24714	51734	24223	28215	392
GCA	10641	3178	7463	291	35773	16674	19099	36817	16383	20434	34886	16338	18961	25567	13826	11741	392	165	169	155	685	296	26988	5186	21802	27072	5337	21735	262	15651	5572	10079	170	32586	19765	12936	27897	14023	14190	266
GCC	52884	24071	28813	288	33317	16179	17138	35136	17025	18111	34783	17290	18087	39614	23501	16113	153	112	274	218	316	254	33984	6349	27635	34433	6588	27845	177	36151	16473	19678	274	34907	21807	13549	30748	16300	14860	243
GCG	30089	13376	16713	350	12945	5873	7072	18161	8476	9685	17977	8544	9801	12806	6728	6078	3	190	261	198	297	263	44908	9232	35676	45521	9563	35958	220	27961	12513	15448	260	16605	9430	7464	13520	6813	6904	161
GCT	8914	2842	6072	25	39396	18676	20720	38143	17275	20868	35334	17176	18552	23880	12466	11414	366	146	209	246	673	270	20511	4314	16197	20490	4417	16073	40	31598	14201	17397	209	35608	23086	12639	30642	16059	14930	296
GGA	16164	5524	10640	253	39433	16707	22726	50367	21962	28405	48047	22095	26412	28656	14656	14000	466	383	291	66	585	287	10592	1397	9195	10494	1495	8999	359	32085	13083	19002	291	43158	26831	16468	37730	18577	19559	363
GGC	44016	20046	23970	219	22835	10360	12475	24697	11381	13316	24458	11415	13539	27943	15569	12374	123	255	328	107	284	325	39714	8266	31448	40020	8582	31438	275	25879	10935	14944	329	23099	13164	10290	19660	9779	10137	270
GGG	13700	5593	8107	288	11753	4657	7096	12830	4939	7891	11992	4866	7423	11318	5453	5865	219	215	198	110	228	210	14651	2445	12206	14722	2625	12097	268	17581	6907	10674	197	15261	8663	6779	12527	5713	6977	194
GGT	10284	3556	6728	207	45568	22001	23567	39005	17178	21827	36696	17072	20196	30336	16233	14103	370	208	310	144	465	263	33005	7380	25625	33329	7635	25694	221	34629	15475	19154	310	38184	23648	14840	32802	16501	16645	318
GTA	7065	1856	5209	231	40057	19392	20665	41016	18856	22160	39041	18836	20577	26425	14561	11864	642	238	169	208	733	162	14596	3019	11577	14648	3143	11505	187	31698	14044	17654	168	37196	24003	13312	31938	17074	15220	299
GTC	30737	13434	17303	121	13660	5848	7812	20251	8886	11365	19478	8898	10855	15972	8654	7318	252	92	208	154	479	182	20169	3767	16402	20542	3945	16597	108	19259	7903	11356	206	15650	8565	7267	13108	6024	7342	284
GTG	31373	15141	16232	83	30818	14790	16028	31263	14434	16829	30233	14397	16437	33036	18709	14327	328	124	357	133	368	290	34985	6909	28076	35338	7233	28105	106	31863	13557	18306	358	33699	20670	13482	29215	15153	14373	259
GTT	8504	2647	5857	421	25692	10972	14720	25454	10105	15349	23169	9959	13594	15711	7689	8022	482	253	252	246	959	198	24455	5308	19147	24609	5467	19142	420	21399	8627	12772	252	24221	14230	10116	20439	9616	11125	445
TAA	1565	551	1014	232	3029	1406	1623	3182	1464	1718	3001	1452	1607	2261	1213	1048	1044	281	111	293	1716	219	2920	458	2462	2763	492	2271	376	2904	1208	1696	111	3132	1856	1295	2566	1346	1256	409
TAC	30768	12057	18711	249	23834	10224	13610	26203	10883	15320	25476	11053	14915	23843	12438	11405	650	261	194	194	844	155	16275	3205	13070	16389	3334	13055	232	22514	8956	13558	196	22276	11965	10621	18294	7992	10560	319
TAG	652	292	360	51	795	251	544	672	273	399	617	268	368	582	265	317	620	111	63	136	715	84	353	27	326	306	29	277	104	782	235	547	63	701	341	368	523	236	300	195
TAT	16076	4468	11608	291	56511	22013	34498	61077	22695	38382	55841	22587	34024	38480	17736	20744	1132	327	238	250	1369	241	21611	3551	18060	21529	3721	17808	357	49213	18097	31116	238	58351	34217	24361	49854	21800	28663	629
TCA	2524	501	2023	115	14871	5681	9190	16169	5774	10395	14516	5626	9181	8591	3731	4860	869	131	97	186	1408	294	9559	1283	8276	9465	1337	8128	88	9663	2999	6664	97	16079	8690	7447	13412	5621	8025	449
TCC	10811	3298	7513	152	18013	7784	10229	20269	8550	11719	19540	8590	11311	18693	10200	8493	482	151	275	212	681	186	11467	2364	9103	11568	2446	9122	110	22813	9618	13195	272	17500	9860	7884	15274	6795	8790	378
TCG	31064	13809	17255	158	10962	4539	6423	14730	6239	8491	14056	6174	8054	10518	5351	5167	14	135	173	281	507	202	11958	1971	9987	11958	2057	9901	107	15002	5775	9227	173	11556	6347	5309	9600	4351	5362	213
TCT	2772	486	2286	33	23853	9869	13984	25151	9656	15495	22719	9524	13516	14500	6805	7695	896	123	115	284	1085	219	11320	2292	9028	11310	2353	8957	34	20307	7544	12763	116	22137	13057	9118	18877	8380	10712	469
TGA	1003	363	640	171	1214	363	851	971	359	612	892	346	585	1120	482	638	705	166	273	115	1167	346	1585	152	1433	1256	166	1090	251	1315	335	980	276	1252	531	739	903	350	577	505
TGC	11461	4642	6819	170	9733	4257	5476	10197	4563	5634	9679	4579	5270	10082	5508	4574	345	156	200	200	758	355	8692	1576	7116	8661	1661	7000	228	10036	4106	5930	200	9627	5392	4329	8202	3818	4543	366
TGG	15132	5138	9994	258	24613	9345	15268	25587	9507	16080	24137	9751	14735	18681	8475	10206	467	147	211	93	673	335	20569	2952	17617	20410	3180	17230	230	20003	7176	12827	209	24071	13511	10753	20088	8353	11977	345
TGT	3090	797	2293	165	12143	5043	7100	12740	4981	7759	11333	4945	6589	7789	3583	4206	551	126	177	225	764	260	7054	1107	5947	6870	1145	5725	161	9691	3480	6211	177	13473	7946	5594	11164	5167	6186	458
TTA	3399	569	2830	345	22889	8756	14133	23861	8092	15769	20767	7862	13285	10071	3888	6183	1151	183	117	258	1745	256	18549	2626	15923	18509	2737	15772	353	27548	11233	16315	117	26052	15213	10877	20939	9627	11571	399
TTC	38995	16636	22359	140	40803	19587	21216	43137	20036	23101	41667	20302	21952	37333	21030	16303	766	238	290	280	1756	291	22025	4360	17665	22242	4534	17708	178	44564	19977	24587	290	36408	21928	14828	31915	15858	16503	661
TTG	9822	2697	7125	557	41205	18888	22317	39427	16691	22736	36411	16674	20172	33009	17403	15606	736	140	175	255	989	263	18269	2966	15303	18303	3094	15209	423	51771	23593	28178	175	48324	30962	17495	42309	22347	20338	491
TTT	9029	2336	6693	369	38106	15320	22786	42469	16341	26128	38249	16151	22676	25697	12055	13642	871	258	318	433	2649	369	29623	4617	25006	29846	4788	25058	439	30167	10508	19659	317	43240	25364	18020	36654	16860	20206	832
