Codon	AminoAcid	Alistipes_shahii_DA73_cds_from_genomic	Alistipes_shahii_DA73_core_CDS	Alistipes_shahii_DA73_other_CDS	As_AS73P1_genomic	Bacteroides_intestinalis_APC919_cds_from_genomic	Bacteroides_intestinalis_APC919_core_CDS	Bacteroides_intestinalis_APC919_other_CDS	Bacteroides_thetaiotaomicron_VPI-5482_cds_from_genomic	Bacteroides_thetaiotaomicron_VPI-5482_core_CDS	Bacteroides_thetaiotaomicron_VPI-5482_other_CDS	Bacteroides_thetaiotaomicron_jmh43_Host_clean_CDS	Bacteroides_thetaiotaomicron_jmh43_core_CDS	Bacteroides_thetaiotaomicron_jmh43_other_CDS	Bacteroides_uniformis_ATCC_cds_from_genomic	Bacteroides_uniformis_ATCC_core_CDS	Bacteroides_uniformis_ATCC_other_CDS	Bi_ΦCrAss001_genomic	Bt_SJC01_genomic	Bt_jmh43_genomic	Bu_EMB1_genomic	Ec_T4_genomic	Ec_lamda_genomic	Escherichia_coli_BL21_cds_from_genomic	Escherichia_coli_BL21_core_CDS	Escherichia_coli_BL21_other_CDS	Escherichia_coli_MG1655_cds_from_genomic	Escherichia_coli_MG1655_core_CDS	Escherichia_coli_MG1655_other_CDS	Pad_PD491P1_genomic	Parabacteroides_distasonis_DA491_cds_from_genomic	Parabacteroides_distasonis_DA491_core_CDS	Parabacteroides_distasonis_DA491_other_CDS	Pd_p00_genomic	Phocaeicola_dorei_HM719_Host_clean_CDS	Phocaeicola_dorei_HM719_core_CDS	Phocaeicola_dorei_HM719_other_CDS	Phocaeicola_vulgatus_ATCC_Host_clean_CDS	Phocaeicola_vulgatus_ATCC_core_CDS	Phocaeicola_vulgatus_ATCC_other_CDS	Pv_PV01_genomic
AAA	K	0.8769	0.7263	0.9723	1.4216	1.1903	1.1664	1.2094	1.2323	1.2037	1.2537	1.2204	1.2104	1.2254	0.9787	0.9272	1.0364	0.9501	1.2122	0.9932	1.1597	1.3395	1.1756	1.5342	1.5561	1.5286	1.5340	1.5535	1.5289	1.4431	1.0110	0.9621	1.0462	0.9949	1.2690	1.3001	1.2184	1.2635	1.2810	1.2452	1.1698
AAC	N	1.4498	1.6178	1.3571	1.0697	0.7428	0.7967	0.7059	0.7891	0.8575	0.7449	0.8214	0.8676	0.7912	0.9776	1.0506	0.9075	0.6720	0.9423	1.1868	0.9953	0.7107	1.0000	1.0992	1.2705	1.0613	1.1059	1.2687	1.0684	0.9659	0.8882	0.9531	0.8467	1.1934	0.7488	0.7382	0.7721	0.7550	0.7801	0.7373	0.7066
AAG	K	1.1231	1.2737	1.0277	0.5784	0.8097	0.8336	0.7906	0.7677	0.7963	0.7463	0.7796	0.7896	0.7746	1.0213	1.0728	0.9636	1.0499	0.7878	1.0068	0.8403	0.6605	0.8244	0.4658	0.4439	0.4714	0.4660	0.4465	0.4711	0.5569	0.9890	1.0379	0.9538	1.0051	0.7310	0.6999	0.7816	0.7365	0.7190	0.7548	0.8302
AAT	N	0.5502	0.3822	0.6429	0.9303	1.2572	1.2033	1.2941	1.2109	1.1425	1.2551	1.1786	1.1324	1.2088	1.0224	0.9494	1.0925	1.3280	1.0577	0.8132	1.0047	1.2893	1.0000	0.9008	0.7295	0.9387	0.8941	0.7313	0.9316	1.0341	1.1118	1.0469	1.1533	0.8066	1.2512	1.2618	1.2279	1.2450	1.2199	1.2627	1.2934
ACA	T	0.3227	0.1765	0.4082	0.9974	1.0922	1.0356	1.1346	1.1215	1.0657	1.1607	1.0904	1.0452	1.1223	0.8588	0.7834	0.9379	1.4119	1.0229	0.8980	0.8997	1.0825	1.0425	0.5221	0.3717	0.5559	0.5149	0.3746	0.5477	1.2603	0.7681	0.6621	0.8385	0.8980	1.1179	1.0808	1.1580	1.1037	1.0446	1.1598	1.2490
ACC	T	1.5631	1.6356	1.5208	1.0424	1.0198	1.0369	1.0070	1.0097	1.0617	0.9733	1.0456	1.0831	1.0227	1.3828	1.4782	1.2827	0.8295	0.9143	1.2143	1.0030	0.9577	1.1389	1.7317	1.9148	1.6905	1.7503	1.9033	1.7146	0.9609	1.1821	1.2281	1.1515	1.2143	1.1025	1.1441	1.0568	1.1544	1.2299	1.0915	0.9300
ACG	T	1.8820	2.0442	1.7871	1.8009	0.7327	0.7801	0.6972	0.7787	0.8267	0.7450	0.8082	0.8340	0.7934	0.8865	0.9207	0.8506	0.0068	1.1943	1.3010	1.1125	0.8209	1.0654	1.0775	0.9931	1.0965	1.0725	1.0080	1.0876	1.5732	1.3691	1.4838	1.2929	1.3061	0.6492	0.5796	0.7587	0.6138	0.5799	0.6410	0.8093
ACT	T	0.2322	0.1437	0.2840	0.1593	1.1553	1.1474	1.1612	1.0901	1.0460	1.1211	1.0557	1.0376	1.0616	0.8719	0.8177	0.9288	1.7518	0.8686	0.5867	0.9848	1.1388	0.7532	0.6687	0.7204	0.6571	0.6622	0.7140	0.6501	0.2056	0.6808	0.6260	0.7171	0.5816	1.1303	1.1955	1.0265	1.1281	1.1456	1.1077	1.0117
AGA	R	0.2124	0.1079	0.2860	0.4630	0.7914	0.5592	0.9801	0.9184	0.6938	1.0896	0.8649	0.6851	1.0157	0.6517	0.4959	0.8269	3.6754	1.1008	0.7747	0.5092	1.8702	0.8840	0.2226	0.0850	0.2578	0.2137	0.0899	0.2466	0.7965	0.6683	0.5091	0.7742	0.7759	0.8711	0.7597	1.0074	0.8693	0.6743	1.0524	1.3394
AGC	S	1.3406	1.2881	1.3711	1.1061	0.9283	0.9767	0.8941	0.9830	1.0798	0.9193	1.0260	1.1046	0.9795	1.2588	1.3463	1.1704	0.6871	1.3949	1.4779	0.7039	0.9057	1.2288	1.6649	1.6705	1.6637	1.6706	1.6894	1.6665	1.4977	1.1341	1.2192	1.0804	1.4764	0.9761	0.9691	1.0047	0.9806	1.0350	0.9423	0.8583
AGG	R	0.2584	0.1797	0.3140	0.7641	0.3713	0.2437	0.4750	0.3749	0.2508	0.4695	0.3594	0.2427	0.4672	0.4236	0.3161	0.5445	2.2086	0.8381	1.0072	0.5298	0.9917	0.9231	0.1256	0.0483	0.1453	0.1186	0.0525	0.1362	0.6387	0.5130	0.3620	0.6136	1.0086	0.4873	0.3618	0.6563	0.4783	0.2951	0.6413	0.9422
AGT	S	0.3386	0.2045	0.4166	1.0559	1.2734	1.2480	1.2913	1.1423	1.0559	1.1993	1.1031	1.0445	1.1441	0.9724	0.9143	1.0311	1.1920	1.0011	0.8690	0.6214	0.9883	0.9534	0.8986	0.7075	0.9375	0.9010	0.7313	0.9376	1.3874	0.8611	0.8203	0.8868	0.8714	1.2067	1.2520	1.1418	1.1972	1.2066	1.1860	0.8949
ATA	I	0.2905	0.1583	0.3836	1.0590	0.8052	0.6759	0.9126	0.7080	0.5584	0.8258	0.6813	0.5532	0.7983	0.7542	0.6764	0.8468	1.4305	1.0512	0.8077	1.3064	1.0419	0.9041	0.2181	0.1136	0.2425	0.2086	0.1128	0.2317	1.0287	0.6646	0.5153	0.7760	0.8031	0.8720	0.8101	0.9609	0.8508	0.7683	0.9371	1.0425
ATC	I	2.1220	2.3998	1.9261	0.3708	0.9972	1.1201	0.8951	1.1538	1.3365	1.0099	1.2090	1.3554	1.0766	1.1969	1.3068	1.0663	0.5856	0.9163	1.2808	0.7792	0.7430	0.9601	1.2574	1.4214	1.2192	1.2651	1.4185	1.2281	0.3685	1.5823	1.8231	1.4026	1.2849	0.9279	0.9514	0.9046	0.9406	1.0016	0.8801	0.8439
ATG	M	1.0000	1.0000	1.0000	1.0000	1.0000	1.0000	1.0000	1.0000	1.0000	1.0000	1.0000	1.0000	1.0000	1.0000	1.0000	1.0000	1.0000	1.0000	1.0000	1.0000	1.0000	1.0000	1.0000	1.0000	1.0000	1.0000	1.0000	1.0000	1.0000	1.0000	1.0000	1.0000	1.0000	1.0000	1.0000	1.0000	1.0000	1.0000	1.0000	1.0000
ATT	I	0.5875	0.4419	0.6902	1.5702	1.1976	1.2040	1.1923	1.1382	1.1051	1.1643	1.1097	1.0914	1.1252	1.0489	1.0168	1.0869	0.9839	1.0326	0.9115	0.9145	1.2151	1.1357	1.5245	1.4650	1.5384	1.5263	1.4686	1.5402	1.6029	0.7531	0.6616	0.8214	0.9120	1.2001	1.2385	1.1345	1.2086	1.2302	1.1828	1.1136
CAA	Q	0.4059	0.2328	0.5158	1.6739	0.9676	0.9266	0.9995	0.8589	0.7721	0.9239	0.8226	0.7595	0.8736	0.8376	0.7813	0.9001	1.1262	1.4674	0.8124	1.4237	1.2861	0.7024	0.6969	0.6234	0.7137	0.6938	0.6226	0.7108	1.8011	1.1705	1.1724	1.1692	0.8124	1.0056	0.9991	1.0028	0.9832	0.9563	1.0032	1.0482
CAC	H	1.3187	1.4844	1.2058	0.9648	0.6576	0.7130	0.6115	0.6712	0.7288	0.6248	0.6901	0.7339	0.6525	0.8193	0.8866	0.7428	0.5804	0.8554	0.8978	0.8602	0.5780	0.8465	0.8660	0.9753	0.8391	0.8614	0.9704	0.8334	0.7589	0.5603	0.5672	0.5554	0.8978	0.6006	0.5786	0.6377	0.5870	0.6080	0.5666	0.6532
CAG	Q	1.5941	1.7672	1.4842	0.3261	1.0324	1.0734	1.0005	1.1411	1.2279	1.0761	1.1774	1.2405	1.1264	1.1624	1.2187	1.0999	0.8738	0.5326	1.1876	0.5763	0.7139	1.2976	1.3031	1.3766	1.2863	1.3062	1.3774	1.2892	0.1989	0.8295	0.8276	0.8308	1.1876	0.9944	1.0009	0.9972	1.0168	1.0437	0.9968	0.9518
CAT	H	0.6813	0.5156	0.7942	1.0352	1.3424	1.2870	1.3885	1.3288	1.2712	1.3752	1.3099	1.2661	1.3475	1.1807	1.1134	1.2572	1.4196	1.1446	1.1022	1.1398	1.4220	1.1535	1.1340	1.0247	1.1609	1.1386	1.0296	1.1666	1.2411	1.4397	1.4328	1.4446	1.1022	1.3994	1.4214	1.3623	1.4130	1.3920	1.4334	1.3468
CCA	P	0.1082	0.0442	0.1510	0.6479	0.4982	0.4264	0.5571	0.4480	0.3446	0.5271	0.4172	0.3313	0.4949	0.3721	0.2845	0.4715	1.4975	0.6184	0.7309	0.8571	1.8662	1.1147	0.7653	0.7223	0.7755	0.7616	0.7090	0.7745	0.7189	0.4097	0.3132	0.4788	0.7301	0.4960	0.4292	0.5956	0.4438	0.3607	0.5266	1.1812
CCC	P	1.7028	1.8696	1.5914	1.0798	0.8467	0.8654	0.8314	0.7732	0.7887	0.7614	0.7827	0.7968	0.7737	1.2149	1.3148	1.1017	0.7055	0.9393	0.8228	0.9011	0.5717	0.6697	0.4932	0.3592	0.5248	0.4928	0.3734	0.5220	1.1348	0.8072	0.7597	0.8412	0.8219	0.9032	0.9249	0.8749	0.9293	0.9730	0.8870	0.6635
CCG	P	1.8290	1.8408	1.8212	2.1033	1.3165	1.4188	1.2326	1.5496	1.7154	1.4229	1.6096	1.7337	1.5004	1.4033	1.4694	1.3284	0.0166	1.6125	1.4836	1.1758	0.6192	1.4037	2.1058	2.3688	2.0437	2.1169	2.3677	2.0554	1.9409	1.7482	1.9439	1.6082	1.4820	1.2039	1.2012	1.2185	1.2304	1.2647	1.1969	1.0968
CCT	P	0.3599	0.2455	0.4364	0.1690	1.3386	1.2894	1.3790	1.2291	1.1514	1.2885	1.1905	1.1381	1.2310	1.0096	0.9313	1.0985	1.7804	0.8297	0.9628	1.0659	0.9428	0.8119	0.6358	0.5497	0.6561	0.6287	0.5499	0.6481	0.2054	1.0348	0.9832	1.0718	0.9661	1.3970	1.4446	1.3110	1.3966	1.4016	1.3895	1.0585
CGA	R	0.2576	0.1499	0.3336	1.1631	0.3819	0.3309	0.4233	0.4412	0.3850	0.4840	0.4180	0.3808	0.4488	0.2855	0.2299	0.3480	0.0290	1.0966	0.8780	0.7982	1.0166	0.8527	0.3858	0.2483	0.4210	0.3804	0.2493	0.4153	1.3488	0.5260	0.4532	0.5744	0.8750	0.4048	0.3441	0.4792	0.3407	0.3012	0.3750	0.7943
CGC	R	2.9378	3.4422	2.5819	0.7491	1.3801	1.5771	1.2199	1.1948	1.3782	1.0550	1.2685	1.4013	1.1572	1.8016	2.0533	1.5184	0.0041	0.9924	0.9383	1.1147	0.6637	1.1265	2.4061	2.4755	2.3884	2.4074	2.4643	2.3922	0.8303	0.9793	0.9984	0.9666	0.9353	1.1180	1.1865	1.0394	1.1578	1.3134	1.0153	0.6230
CGG	R	1.4658	1.3362	1.5573	1.6449	0.7179	0.6677	0.7588	0.8250	0.8367	0.8160	0.8520	0.8294	0.8724	0.8454	0.8001	0.8964	0.0622	1.0716	1.3601	1.1835	0.6138	1.2907	0.5808	0.3844	0.6312	0.5794	0.3821	0.6320	1.4051	1.1624	1.1467	1.1728	1.3621	0.8097	0.7489	0.8946	0.8055	0.7350	0.8632	1.2849
CGT	R	0.8680	0.7840	0.9273	1.2158	2.3575	2.6214	2.1430	2.2457	2.4555	2.0859	2.2372	2.4606	2.0387	1.9923	2.1047	1.8658	0.0207	0.9006	1.0416	1.8647	0.8440	0.9231	2.2791	2.7585	2.1563	2.3005	2.7619	2.1777	0.9806	2.1511	2.5307	1.8984	1.0431	2.3091	2.5991	1.9231	2.3483	2.6812	2.0528	1.0162
CTA	L	0.0986	0.0408	0.1381	0.2110	0.3350	0.2776	0.3824	0.3082	0.2447	0.3574	0.2938	0.2495	0.3325	0.2448	0.1998	0.2970	0.9072	1.3099	0.4069	0.7585	0.7092	0.4543	0.2204	0.1696	0.2320	0.2183	0.1696	0.2297	0.3202	0.4752	0.4618	0.4846	0.4069	0.3521	0.3356	0.3719	0.3209	0.2913	0.3488	0.4560
CTC	L	1.6710	1.8218	1.5682	0.0798	0.5400	0.5595	0.5239	0.5738	0.6159	0.5412	0.5975	0.6268	0.5736	0.7157	0.7541	0.6711	0.6705	0.4818	0.9168	0.7633	0.5390	0.6927	0.6255	0.5815	0.6355	0.6276	0.5826	0.6381	0.0896	0.4881	0.4213	0.5354	0.9168	0.3991	0.3315	0.5059	0.3744	0.3174	0.4322	0.7979
CTG	L	2.8638	3.2256	2.6170	0.1198	1.7018	1.8914	1.5453	1.8900	2.1878	1.6589	1.9896	2.2050	1.8015	2.1138	2.3510	1.8377	0.7062	0.4743	1.8065	0.6957	0.6787	1.7181	2.9737	3.4259	2.8714	2.9917	3.4104	2.8937	0.1345	1.0564	1.0110	1.0884	1.8119	1.5324	1.6177	1.4311	1.6392	1.7563	1.5276	0.9171
CTT	L	0.5800	0.4326	0.6805	0.4449	0.9843	0.9445	1.0172	0.9823	0.9390	1.0160	0.9592	0.9301	0.9890	0.8980	0.8322	0.9746	1.2206	1.3024	1.2857	1.3043	1.2008	0.8006	0.6212	0.5399	0.6397	0.6181	0.5476	0.6346	0.4867	0.8124	0.7512	0.8559	1.2803	0.8975	0.7980	1.0509	0.8646	0.7551	0.9774	1.5233
GAA	E	0.8768	0.7447	0.9721	1.2407	1.4228	1.4404	1.4075	1.4399	1.4666	1.4183	1.4420	1.4720	1.4047	1.2421	1.2418	1.2424	1.2554	1.4955	1.1841	1.3505	1.4631	1.1915	1.3863	1.4304	1.3739	1.3811	1.4307	1.3670	1.3823	0.8451	0.7554	0.9127	1.1858	1.3909	1.4281	1.3241	1.4050	1.4343	1.3740	1.3917
GAC	D	1.4856	1.6317	1.3922	1.0687	0.7029	0.7482	0.6676	0.8111	0.8786	0.7621	0.8421	0.8851	0.8130	1.0572	1.1328	0.9765	0.6448	0.8448	1.0676	0.8623	0.6778	0.8616	0.7435	0.8249	0.7220	0.7481	0.8264	0.7269	0.9375	0.7116	0.7175	0.7075	1.0641	0.7452	0.7131	0.8016	0.7340	0.7433	0.7277	0.7063
GAG	E	1.1232	1.2553	1.0279	0.7593	0.5772	0.5596	0.5925	0.5601	0.5334	0.5817	0.5580	0.5280	0.5953	0.7579	0.7582	0.7576	0.7446	0.5045	0.8159	0.6495	0.5369	0.8085	0.6137	0.5696	0.6261	0.6189	0.5693	0.6330	0.6177	1.1549	1.2446	1.0873	0.8142	0.6091	0.5719	0.6759	0.5950	0.5657	0.6260	0.6083
GAT	D	0.5144	0.3683	0.6078	0.9313	1.2971	1.2518	1.3324	1.1889	1.1214	1.2379	1.1579	1.1149	1.1870	0.9428	0.8672	1.0235	1.3552	1.1552	0.9324	1.1377	1.3222	1.1384	1.2565	1.1751	1.2780	1.2519	1.1736	1.2731	1.0625	1.2884	1.2825	1.2925	0.9359	1.2548	1.2869	1.1984	1.2660	1.2567	1.2723	1.2937
GCA	A	0.4151	0.2925	0.5054	1.2201	1.1784	1.1619	1.1931	1.1482	1.1077	1.1829	1.1347	1.1012	1.1597	1.0039	0.9785	1.0357	1.7155	1.0767	0.7404	0.7589	1.3902	1.0933	0.8541	0.8271	0.8608	0.8492	0.8241	0.8556	1.4993	0.5622	0.4571	0.6440	0.7448	1.0889	1.0671	1.1107	1.0854	1.0545	1.1155	1.1014
GCC	A	2.0632	2.2151	1.9514	1.2075	1.0975	1.1274	1.0706	1.0958	1.1511	1.0484	1.1313	1.1653	1.1062	1.5555	1.6632	1.4213	0.6696	0.7308	1.2004	1.0673	0.6413	0.9381	1.0755	1.0126	1.0911	1.0801	1.0173	1.0961	1.0129	1.2985	1.3514	1.2573	1.2004	1.1664	1.1774	1.1633	1.1963	1.2257	1.1681	1.0062
GCG	A	1.1739	1.2309	1.1319	1.4675	0.4264	0.4093	0.4418	0.5664	0.5731	0.5607	0.5847	0.5759	0.5994	0.5029	0.4761	0.5361	0.0131	1.2398	1.1435	0.9694	0.6027	0.9714	1.4212	1.4723	1.4086	1.4279	1.4766	1.4155	1.2589	1.0043	1.0265	0.9871	1.1391	0.5549	0.5091	0.6409	0.5260	0.5123	0.5427	0.6667
GCT	A	0.3478	0.2615	0.4112	0.1048	1.2977	1.3014	1.2944	1.1896	1.1680	1.2080	1.1493	1.1576	1.1347	0.9377	0.8822	1.0068	1.6018	0.9527	0.9157	1.2044	1.3658	0.9972	0.6491	0.6880	0.6395	0.6427	0.6820	0.6327	0.2289	1.1350	1.1650	1.1116	0.9157	1.1898	1.2464	1.0852	1.1922	1.2076	1.1736	1.2257
GGA	G	0.7682	0.6364	0.8608	1.0465	1.3190	1.2439	1.3802	1.5876	1.5840	1.5904	1.5858	1.5939	1.5635	1.1666	1.1293	1.2084	1.5823	1.4439	1.0328	0.6183	1.4981	1.0581	0.4325	0.2867	0.4687	0.4259	0.2940	0.4601	1.2787	1.1649	1.1278	1.1918	1.0328	1.4422	1.4843	1.3616	1.4693	1.4694	1.4673	1.2681
GGC	G	2.0919	2.3095	1.9391	0.9059	0.7638	0.7713	0.7576	0.7785	0.8208	0.7456	0.8072	0.8235	0.8015	1.1376	1.1997	1.0681	0.4177	0.9614	1.1642	1.0023	0.7273	1.1982	1.6216	1.6966	1.6030	1.6241	1.6880	1.6075	0.9795	0.9396	0.9427	0.9373	1.1677	0.7719	0.7282	0.8508	0.7656	0.7735	0.7605	0.9432
GGG	G	0.6511	0.6444	0.6558	1.1913	0.3931	0.3467	0.4309	0.4044	0.3562	0.4418	0.3958	0.3510	0.4394	0.4608	0.4202	0.5062	0.7436	0.8106	0.7028	1.0304	0.5839	0.7742	0.5982	0.5018	0.6222	0.5975	0.5163	0.6186	0.9546	0.6383	0.5954	0.6695	0.6992	0.5100	0.4792	0.5605	0.4878	0.4519	0.5234	0.6777
GGT	G	0.4888	0.4097	0.5443	0.8563	1.5242	1.6380	1.4313	1.2295	1.2389	1.2221	1.2112	1.2316	1.1956	1.2350	1.2508	1.2173	1.2564	0.7842	1.1003	1.3489	1.1908	0.9696	1.3477	1.5148	1.3062	1.3526	1.5017	1.3138	0.7872	1.2572	1.3341	1.2014	1.1003	1.2760	1.3082	1.2270	1.2773	1.3052	1.2487	1.1109
GTA	V	0.3638	0.2244	0.4672	1.0794	1.4536	1.5209	1.3957	1.3906	1.4427	1.3491	1.3953	1.4464	1.3391	1.1597	1.1740	1.1427	1.5070	1.3465	0.6856	1.1228	1.1548	0.7788	0.6198	0.6355	0.6158	0.6159	0.6353	0.6108	0.9111	1.2166	1.2729	1.1752	0.6829	1.3432	1.4231	1.2053	1.3490	1.4268	1.2667	0.9293
GTC	V	1.5828	1.6245	1.5518	0.5654	0.4957	0.4586	0.5276	0.6866	0.6799	0.6919	0.6961	0.6833	0.7064	0.7010	0.6977	0.7048	0.5915	0.5205	0.8438	0.8313	0.7546	0.8750	0.8564	0.7929	0.8724	0.8637	0.7975	0.8811	0.5262	0.7392	0.7163	0.7560	0.8374	0.5652	0.5078	0.6580	0.5537	0.5034	0.6111	0.8827
GTG	V	1.6155	1.8309	1.4558	0.3879	1.1183	1.1600	1.0825	1.0599	1.1043	1.0245	1.0805	1.1055	1.0697	1.4498	1.5084	1.3799	0.7700	0.7016	1.4483	0.7179	0.5798	1.3942	1.4855	1.4543	1.4934	1.4858	1.4621	1.4920	0.5164	1.2229	1.2288	1.2186	1.4553	1.2169	1.2255	1.2207	1.2340	1.2663	1.1963	0.8050
GTT	V	0.4379	0.3201	0.5253	1.9673	0.9323	0.8605	0.9942	0.8630	0.7731	0.9344	0.8280	0.7648	0.8847	0.6895	0.6199	0.7726	1.1315	1.4314	1.0223	1.3279	1.5108	0.9519	1.0384	1.1173	1.0184	1.0347	1.1051	1.0162	2.0463	0.8213	0.7819	0.8502	1.0244	0.8747	0.8437	0.9160	0.8633	0.8036	0.9259	1.3831
TAA																																									
TAC	Y	1.3136	1.4592	1.2343	0.9222	0.5933	0.6343	0.5658	0.6004	0.6482	0.5706	0.6266	0.6571	0.6095	0.7651	0.8244	0.7095	0.7295	0.8878	0.8981	0.8739	0.7628	0.7828	0.8592	0.9488	0.8397	0.8644	0.9451	0.8460	0.7878	0.6278	0.6621	0.6070	0.9032	0.5526	0.5182	0.6072	0.5369	0.5365	0.5385	0.6730
TAG																																									
TAT	Y	0.6864	0.5408	0.7657	1.0778	1.4067	1.3657	1.4342	1.3996	1.3518	1.4294	1.3734	1.3429	1.3905	1.2349	1.1756	1.2905	1.2705	1.1122	1.1019	1.1261	1.2372	1.2172	1.1408	1.0512	1.1603	1.1356	1.0549	1.1540	1.2122	1.3722	1.3379	1.3930	1.0968	1.4474	1.4818	1.3928	1.4631	1.4635	1.4615	1.3270
TCA	S	0.2312	0.1248	0.2931	0.9637	0.8343	0.7695	0.8802	0.8209	0.7384	0.8752	0.7933	0.7242	0.8461	0.6191	0.5348	0.7042	1.5838	0.8743	0.5369	0.9029	1.5706	1.2458	0.7415	0.5875	0.7729	0.7325	0.5841	0.7644	0.8086	0.5709	0.4580	0.6422	0.5384	0.9124	0.8652	0.9643	0.8968	0.8401	0.9447	1.2636
TCC	S	0.9903	0.8216	1.0884	1.2737	1.0106	1.0543	0.9797	1.0290	1.0934	0.9867	1.0679	1.1058	1.0424	1.3470	1.4621	1.2306	0.8785	1.0078	1.5221	1.0291	0.7596	0.7881	0.8895	1.0825	0.8501	0.8952	1.0686	0.8579	1.0107	1.3478	1.4687	1.2715	1.5097	0.9930	0.9817	1.0209	1.0213	1.0156	1.0347	1.0638
TCG	S	2.8454	3.4399	2.4996	1.3240	0.6150	0.6148	0.6152	0.7478	0.7978	0.7149	0.7682	0.7948	0.7423	0.7579	0.7670	0.7487	0.0255	0.9010	0.9576	1.3641	0.5655	0.8559	0.9276	0.9025	0.9327	0.9254	0.8986	0.9312	0.9832	0.8863	0.8819	0.8891	0.9602	0.6557	0.6320	0.6875	0.6419	0.6503	0.6312	0.5994
TCT	S	0.2539	0.1211	0.3312	0.2765	1.3383	1.3367	1.3394	1.2769	1.2348	1.3046	1.2416	1.2260	1.2456	1.0449	0.9755	1.1150	1.6330	0.8209	0.6365	1.3786	1.2103	0.9280	0.8781	1.0495	0.8431	0.8753	1.0280	0.8424	0.3124	1.1998	1.1520	1.2299	0.6438	1.2561	1.3000	1.1807	1.2622	1.2525	1.2610	1.3199
TGA																																									
TGC	C	1.5753	1.7069	1.4967	1.0149	0.8898	0.9155	0.8709	0.8891	0.9562	0.8413	0.9213	0.9616	0.8888	1.1283	1.2117	1.0419	0.7701	1.1064	1.0610	0.9412	0.9961	1.1545	1.1040	1.1748	1.0895	1.1153	1.1839	1.1002	1.1722	1.0175	1.0825	0.9769	1.0610	0.8335	0.8085	0.8725	0.8471	0.8499	0.8469	0.8883
TGG	W	1.0000	1.0000	1.0000	1.0000	1.0000	1.0000	1.0000	1.0000	1.0000	1.0000	1.0000	1.0000	1.0000	1.0000	1.0000	1.0000	1.0000	1.0000	1.0000	1.0000	1.0000	1.0000	1.0000	1.0000	1.0000	1.0000	1.0000	1.0000	1.0000	1.0000	1.0000	1.0000	1.0000	1.0000	1.0000	1.0000	1.0000	1.0000	1.0000	1.0000
TGT	C	0.4247	0.2931	0.5033	0.9851	1.1102	1.0845	1.1291	1.1109	1.0438	1.1587	1.0787	1.0384	1.1112	0.8717	0.7883	0.9581	1.2299	0.8936	0.9390	1.0588	1.0039	0.8455	0.8960	0.8252	0.9105	0.8847	0.8161	0.8998	0.8278	0.9825	0.9175	1.0231	0.9390	1.1665	1.1915	1.1275	1.1529	1.1501	1.1531	1.1117
TTA	L	0.2022	0.0835	0.2832	1.9677	0.8710	0.7371	0.9814	0.8467	0.6571	0.9937	0.7845	0.6372	0.9146	0.4740	0.3402	0.6298	1.5222	1.3777	0.6347	1.2464	1.8333	1.1514	0.7855	0.6026	0.8269	0.7765	0.6054	0.8165	2.2604	1.1002	1.0820	1.1131	0.6347	0.9874	0.9611	1.0122	0.9273	0.8671	0.9842	1.0337
TTC	F	1.6240	1.7537	1.5392	0.5501	1.0342	1.1222	0.9643	1.0078	1.1016	0.9385	1.0428	1.1139	0.9838	1.1846	1.2713	1.0889	0.9359	0.9597	0.9539	0.7854	0.7973	0.8818	0.8529	0.9714	0.8280	0.8540	0.9728	0.8281	0.5770	1.1927	1.3106	1.1114	0.9555	0.9142	0.9273	0.9028	0.9309	0.9694	0.8991	0.8855
TTG	L	0.5843	0.3957	0.7130	3.1768	1.5679	1.5899	1.5498	1.3990	1.3554	1.4328	1.3754	1.3514	1.3888	1.5537	1.5227	1.5897	0.9733	1.0540	0.9494	1.2319	1.0390	1.1829	0.7736	0.6806	0.7947	0.7678	0.6843	0.7874	2.7086	2.0677	2.2726	1.9225	0.9494	1.8315	1.9561	1.6280	1.8737	2.0128	1.7298	1.2720
TTT	F	0.3760	0.2463	0.4608	1.4499	0.9658	0.8778	1.0357	0.9922	0.8984	1.0615	0.9572	0.8861	1.0162	0.8154	0.7287	0.9111	1.0641	1.0403	1.0461	1.2146	1.2027	1.1182	1.1471	1.0286	1.1720	1.1460	1.0272	1.1719	1.4230	0.8073	0.6894	0.8886	1.0445	1.0858	1.0727	1.0972	1.0691	1.0306	1.1009	1.1145
